function S = sudoku_assignment()

% Zadani SUDOKU

% Modifications:
% 4-sep-2007, VF

S{1}=[0 0 2 9 0 5 0 0 8;
   0 1 5 0 0 7 2 0 0;
   0 9 0 0 2 0 1 5 0;
   0 5 0 0 6 1 0 0 3;
   0 6 1 0 0 0 9 7 0;
   8 0 0 2 9 0 0 6 0;
   0 2 3 0 0 0 0 8 0;
   0 0 6 8 0 0 4 0 0;
   0 0 0 1 0 2 3 0 0;
  ];

S{2}=[0 0 2 9 0 5 0 0 8;
   0 1 5 0 0 7 2 0 0;
   0 9 0 0 2 0 1 5 0;
   0 5 0 0 6 1 0 0 3;
   0 6 1 0 0 0 9 7 0;
   8 0 0 2 9 0 0 6 0;
   0 2 3 0 4 0 0 8 0;
   0 0 6 8 0 0 4 1 0;
   5 0 0 1 0 2 3 0 0;
  ];

S{3}=[7 1 0 0 2 4 0 8 3;
   0 0 3 1 0 5 0 2 0;
   0 8 0 0 0 0 6 0 0;
   8 0 0 0 0 9 0 7 0;
   9 0 1 0 4 2 0 5 0;
   0 3 0 8 0 0 0 9 2;
   0 0 7 0 3 0 0 0 8;
   0 0 8 2 0 6 1 4 0;
   1 0 6 0 5 0 2 0 0;
];

S{4}=[0 3 0 4 0 0 0 8 7;
   8 0 5 0 2 3 0 9 0;
   0 0 6 0 0 9 3 0 0;
   3 0 2 0 1 6 5 0 0;
   0 0 7 0 0 0 2 0 0;
   0 0 1 2 8 0 4 0 6;
   0 0 4 5 0 0 8 0 0;
   0 2 0 7 6 0 9 0 5;
   5 6 0 0 0 4 0 2 0;    
  ];

S{5}=[7 0 0 0 2 1 0 8 4;
   0 2 0 0 0 0 0 6 0;
   0 3 8 4 6 0 0 0 5;
   6 0 0 0 0 8 0 0 9;
   0 8 0 0 0 0 5 3 1;
   0 1 9 5 4 2 0 0 0;
   2 0 0 9 0 3 6 5 0;
   5 9 0 0 8 0 1 0 0;
   8 0 0 0 5 0 7 0 0;
  ];

S{6} = [6 0 0 0 7 0 2 1 5;
     0 8 4 0 0 6 0 0 9;
     0 0 5 2 0 9 0 0 0;
     4 0 2 0 0 0 7 3 0;
     0 0 0 0 4 7 0 0 0;
     3 0 7 9 0 2 5 8 0;
     0 0 1 0 0 3 0 0 7;
     9 2 6 0 1 0 0 0 3;
     0 0 0 8 0 5 6 0 1;
    ];

% Sudoku No 3
S{7} = [0 4 5 0 3 0 9 0 1; 
     0 7 0 8 0 9 0 4 5;
     0 0 9 4 0 0 7 0 0;
     0 2 0 0 8 3 1 7 0;
     8 1 0 0 0 0 0 9 3;
     0 3 7 5 1 0 0 6 0;
     0 0 8 0 0 5 3 0 0;
     1 6 0 3 0 8 0 5 0;
     4 0 3 0 7 0 8 2 0];

% Sudoku No 80
S{8} = [ 0 1 0 0 0 2 3 7 0;
      7 0 0 0 0 4 0 6 0;
      5 0 0 0 9 0 0 8 0;
      4 0 0 0 0 8 0 0 6;
      6 0 0 4 0 1 0 0 7;
      1 0 0 3 0 0 0 0 8;
     0 8 0 0 3 0 0 0 1;
     0 7 0 2 0 0 0 0 5;
     0 6 4 1 0 0 0 2 0;
     ];

S{9} = [0 1 9 0 0 7 3 0 0;
     0 6 0 0 9 0 8 7 0;
     0 4 2 0 0 8 0 6 9;
     0 0 0 0 2 0 0 1 0;
     5 0 0 9 7 6 0 0 2;
     0 9 0 0 3 0 0 0 0;
     6 5 0 1 0 0 7 9 0;
    0 7 3 0 8 0 0 4 0;
     0 0 4 7 0 0 1 5 0;
     ];

S{10} = [0 0 4 0 1 0 2 0 0;
     0 1 5 0 0 0 8 0 9;
     0 7 9 0 8 2 4 0 0;
    5 3 0 0 0 7 6 9 0;
     0 0 0 0 4 0 0 0 0;
     0 4 6 9 0 0 0 2 5;
     0 0 3 2 6 0 5 7 0;
     8 0 1 0 0 0 3 6 0;
     0 0 2 0 5 0 9 0 0;
    ];

S{11} = [5 6 0 0 7 0 0 9 0;
     0 0 7 0 0 9 1 8 0;
     0 0 0 6 8 0 0 0 7;
     0 9 0 2 6 0 4 0 1;
     0 0 0 9 1 7 0 0 0;
     6 0 1 0 4 5 0 2 0;
     9 0 0 0 3 6 0 0 0;
     0 7 6 8 0 0 9 0 0;
     0 3 0 0 9 0 0 4 2;
     ];

S{12} = [0 0 0 0 0 9 1 2 0;
     0 0 0 4 1 0 0 0 7;
     5 0 0 0 0 0 0 0 3;
     7 4 0 0 2 5 8 0 0;
     0 8 0 0 0 0 0 9 0;
     0 0 3 1 6 0 0 7 2;
    4 0 0 0 0 0 0 0 8;
    2 0 0 0 3 4 0 0 0;
     0 9 1 5 0 0 0 0 0;
     ];

S{13} = [0 0 5 2 0 0 0 7 0;
     0 0 0 0 0 0 0 0 1;
     0 9 0 0 0 3 0 5 2;
     0 0 0 0 1 5 7 0 0;
     0 0 3 4 0 9 8 0 0;
     0 0 7 8 2 0 0 0 0;
     8 5 0 1 0 0 0 3 0;
     3 0 0 0 0 0 0 0 0;
     0 2 0 0 0 7 9 0 0;
    ];

S{14} = [ 8 0 0 0 0 0 0 9 7;
      0 0 0 0 7 0 0 1 0;
      9 6 0 0 8 3 0 0 0;
      0 5 0 0 0 8 1 0 0;
      0 0 4 0 0 9 0 7 3;
      0 0 6 0 1 5 0 0 0;
     0 3 0 0 0 0 2 0 0;
    0 9 0 3 0 1 0 0 4;
     7 0 0 0 4 0 0 0 1;
      ];


S{15} = [0 0 0 0 0 0 0 0 0;
     0 0 5 4 0 6 1 0 0;
     0 8 0 0 0 0 0 9 0;
     0 0 4 0 1 0 5 0 0;
     0 7 0 0 9 0 0 2 0;
     0 0 6 0 8 0 3 0 0;
    0 2 0 1 0 0 0 7 0;
     0 0 0 5 0 3 6 0 0;
    0 0 0 0 0 0 0 0 0;
     ];


S{16} = [0 0 0 1 0 0 7 0 0;
         1 0 0 0 9 0 2 3 0;
         0 0 6 0 5 4 0 0 0;
         0 9 8 0 0 0 0 0 2;
         0 5 0 0 7 0 0 6 0;
         4 0 0 0 0 0 5 1 0;
         0 0 0 9 6 0 3 0 0;
         0 6 2 0 8 0 0 0 5;
         0 0 7 0 0 5 0 0 0];

S{17} = [9 1 0 7 0 0 0 0 0;
         0 3 2 6 0 9 0 8 0;
         0 0 7 0 8 0 9 0 0;
         0 8 6 0 3 0 1 7 0;
         3 0 0 0 0 0 0 0 6;
         0 5 1 0 2 0 8 4 0;
         0 0 9 0 5 0 3 0 0;
         0 2 0 3 0 1 4 9 0;
         0 0 0 0 0 2 0 6 1];

S{18} = [0 0 0 0 0 2 8 5 0;
         8 0 0 0 1 0 0 0 2;
         0 1 0 8 0 4 0 6 3;
         5 2 0 0 6 0 0 1 4;
         0 0 4 0 0 0 6 0 0;
         1 9 0 0 3 0 0 7 5;
         9 8 0 5 0 6 0 3 0;
         6 0 0 0 7 0 0 0 8;
         0 4 5 3 0 0 0 0 0];

S{19} = [0 0 0 0 3 0 4 0 0;
         5 0 0 4 0 8 0 6 9;
         0 8 0 7 0 6 3 5 0;
         0 5 0 0 0 0 2 4 0;
         8 0 0 9 0 2 0 0 1;
         0 3 7 0 0 0 0 9 0;
         0 9 4 8 0 1 0 2 0;
         7 2 0 3 0 4 0 0 5;
         0 0 5 0 9 0 0 0 0];

S{20} = [8 9 0 7 0 3 0 2 0;
         0 0 3 0 4 0 0 0 0;
         2 0 4 8 0 5 0 0 7;
         3 0 1 0 0 0 0 0 2;
         0 6 0 1 0 9 0 7 0;
         9 0 0 0 0 0 5 0 4;
         1 0 0 6 0 7 3 0 9;
         0 0 0 0 9 0 2 0 0;
         0 2 0 3 0 4 0 5 1];

S{21} = [0 1 0 5 0 4 8 3 0;
         0 0 4 2 0 8 1 0 6;
         0 0 0 0 6 0 0 0 5;
         0 0 1 0 0 0 5 0 7;
         0 4 0 3 0 7 0 9 0;
         2 0 6 0 0 0 3 0 0;
         1 0 0 0 3 0 0 0 0;
         5 0 3 4 0 9 7 0 0;
         0 2 7 6 0 5 0 1 0];

S{22} = [0 0 5 0 6 0 0 0 0;
         2 4 0 3 0 5 0 0 8;
         0 8 6 4 0 7 0 3 0;
         0 5 1 0 0 0 0 8 0;
         9 0 0 1 0 2 0 0 3;
         0 2 0 0 0 0 7 6 0;
         0 1 0 9 0 3 5 2 0;
         8 0 0 5 0 6 0 1 7;
         0 0 0 0 2 0 8 0 0];

S{23} = [7 6 0 3 0 4 0 5 0;
         0 3 9 5 0 8 6 0 0;
         8 0 0 0 7 0 0 0 0;
         1 8 0 0 0 0 0 6 0;
         0 0 2 1 0 9 5 0 0;
         0 9 0 0 0 0 0 7 4;
         0 0 0 0 9 0 0 0 6;
         0 0 6 8 0 7 4 1 0;
         0 1 0 2 0 5 0 9 8];

S{24} = [7 0 0 8 0 3 0 6 4;
         0 3 0 1 0 6 2 7 0;
         0 0 0 0 2 0 8 0 0;
         0 7 0 0 0 0 5 8 0;
         3 0 0 4 0 5 0 0 9;
         0 2 1 0 0 0 0 4 0;
         0 0 7 0 4 0 0 0 0;
         0 4 8 3 0 9 0 5 0;
         1 5 0 2 0 8 0 0 7];

S{25} = [1 6 0 2 0 0 0 0 0;
         0 0 3 0 8 0 9 0 0;
         9 0 4 6 0 3 0 0 2;
         4 0 7 0 2 0 6 0 8;
         0 1 0 0 0 0 0 3 0;
         5 0 6 0 3 0 1 0 7;
         7 0 0 9 0 1 2 0 3;
         0 0 9 0 7 0 5 0 0;
         0 0 0 0 0 5 0 9 6];

S{26} = [0 0 1 0 9 0 0 0 0;
         0 6 9 4 0 7 0 3 0;
         2 4 0 3 0 1 0 0 6;
         0 1 8 0 0 0 0 6 0;
         5 0 0 8 0 2 0 0 3;
         0 2 0 0 0 0 7 9 0;
         6 0 0 1 0 9 0 8 7;
         0 8 0 5 0 3 1 2 0;
         0 0 0 0 2 0 6 0 0];

S{27} = [4 0 0 3 0 8 5 0 2;
         0 0 3 0 4 0 9 0 0;
         0 0 0 0 0 9 0 3 1;
         9 0 1 0 2 0 8 0 4;
         0 8 0 0 0 0 0 2 0;
         6 0 4 0 5 0 1 0 7;
         8 1 0 5 0 0 0 0 0;
         0 0 2 0 7 0 3 0 0;
         3 0 6 1 0 2 0 0 5];

S{28} = [3 0 0 7 0 4 5 0 1;
         0 0 0 0 8 0 0 3 0;
         0 0 5 2 0 9 8 7 0;
         0 0 8 0 0 0 4 1 0;
         2 0 0 5 0 8 0 0 9;
         0 5 7 0 0 0 3 0 0;
         0 4 3 6 0 1 9 0 0;
         0 7 0 0 4 0 0 0 0;
         8 0 6 9 0 7 0 0 3];

S{29} = [7 0 0 0 8 0 0 0 1;
         2 3 0 5 0 1 0 8 0;
         0 4 1 7 0 0 0 0 0;
         5 8 0 0 3 0 0 7 4;
         0 0 3 0 0 0 5 0 0;
         4 6 0 0 2 0 0 9 8;
         0 0 0 0 0 2 4 5 0;
         0 2 0 3 0 4 0 1 9;
         1 0 0 0 6 0 0 0 3];

S{30} = [0 0 0 0 6 0 0 0 3;
         0 3 0 9 0 5 7 4 0;
         0 0 7 2 0 8 6 0 9;
         0 0 6 0 0 0 5 0 4;
         0 2 0 7 0 6 0 8 0;
         7 0 9 0 0 0 3 0 0;
         5 0 3 1 0 4 8 0 0;
         0 6 1 8 0 9 0 3 0;
         9 0 0 0 5 0 0 0 0];

     
% Udajne jedno z nejslozitejsich sudoku na svete, viz. 
% http://www.novinky.cz/koktejl/271925-zabavte-se-na-vikend-nejslozitejsim-sudoku-na-svete.html
S{31} = [       8     0     0     0     0     0     0     0     0;
     0     0     3     6     0     0     0     0     0;
     0     7     0     0     9     0     2     0     0;
     0     5     0     0     0     7     0     0     0;
     0     0     0     0     4     5     7     0     0;
     0     0     0     1     0     0     0     3     0;
     0     0     1     0     0     0     0     6     8;
     0     0     8     5     0     0     0     1     0;
     0     9     0     0     0     0     4     0     0];
